<?xml version="1.0" encoding="UTF-8"?>
<!DOCTYPE svg PUBLIC "-//W3C//DTD SVG 1.1//EN" "http://www.w3.org/Graphics/SVG/1.1/DTD/svg11.dtd">
<!-- Creator: CorelDRAW -->
<svg xmlns="http://www.w3.org/2000/svg" xml:space="preserve" width="21.1666mm" height="21.1666mm" version="1.1" style="shape-rendering:geometricPrecision; text-rendering:geometricPrecision; image-rendering:optimizeQuality; fill-rule:evenodd; clip-rule:evenodd"
viewBox="0 0 2116.66 2116.66"
 xmlns:xlink="http://www.w3.org/1999/xlink"
 xmlns:xodm="http://www.corel.com/coreldraw/odm/2003">
 <defs>
  <font id="FontID0" horiz-adv-x="722" font-variant="normal" style="fill-rule:nonzero" font-weight="700">
	<font-face 
		font-family="Arial">
		<font-face-src>
			<font-face-name name="Arial Bold"/>
		</font-face-src>
	</font-face>
   <missing-glyph><path d="M0 0z"/></missing-glyph>
   <glyph unicode="X" horiz-adv-x="667" d="M0.49886 0l247.185 373.325 -224.166 342.681 168.828 0 140.999 -213.156 140.999 213.156 169.149 0 -224.487 -342.824 246.508 -373.183 -173.674 0 -158.673 242.517 -158.673 -242.517 -173.995 0z"/>
  </font>
  <style type="text/css">
   <![CDATA[
    @font-face { font-family:"Arial";font-variant:normal;font-weight:bold;src:url("#FontID0") format(svg)}
    .fil2 {fill:#E53026}
    .fil1 {fill:#E53026;fill-rule:nonzero}
    .fil0 {fill:#252422;fill-rule:nonzero}
    .fnt0 {font-weight:bold;font-size:280.64px;font-family:'Arial'}
   ]]>
  </style>
   <clipPath id="id0">
    <path d="M962.29 541.16l0 415.08 404.31 0 0 -415.08 -404.31 0z"/>
   </clipPath>
   <clipPath id="id1">
    <path d="M962.29 954.85l0 416.5 404.31 0 0 -416.5 -404.31 0z"/>
   </clipPath>
 </defs>
 <g id="Layer_x0020_1">
  <metadata id="CorelCorpID_0Corel-Layer"/>
  <polygon class="fil0" points="1394.45,1359.79 1374.28,1329.66 1380.1,1329.66 1396.96,1355.63 1413.75,1329.66 1419.56,1329.66 1399.33,1359.79 1399.33,1380.89 1394.45,1380.89 "/>
  <path class="fil0" d="M1419.2 1362.38c0,7.89 4.3,15.79 12.98,15.79 8.69,0 12.99,-7.9 12.99,-15.79 0,-7.89 -4.3,-15.79 -12.99,-15.79 -8.68,0 -12.98,7.9 -12.98,15.79zm30.49 0c0,10.62 -6.17,19.59 -17.51,19.59 -11.33,0 -17.5,-8.97 -17.5,-19.59 0,-10.62 6.17,-19.59 17.5,-19.59 11.34,0 17.51,8.97 17.51,19.59z"/>
  <path class="fil0" d="M1483.19 1361.95c0,-7.25 -3.37,-15.36 -11.91,-15.36 -8.62,0 -12.2,7.68 -12.2,15.36 0,7.46 3.88,14.71 12.2,14.71 7.83,0 11.91,-7.18 11.91,-14.71zm4.53 15.93c-0.08,11.05 -4.31,17.79 -16.44,17.79 -7.38,0 -14.71,-3.3 -15.35,-11.19l4.52 0c1,5.45 5.81,7.39 10.83,7.39 8.33,0 11.91,-4.95 11.91,-13.99l0 -5.02 -0.13 0c-2.09,4.52 -6.47,7.6 -11.78,7.6 -11.83,0 -16.71,-8.47 -16.71,-19.01 0,-10.19 6.02,-18.66 16.71,-18.66 5.38,0 9.98,3.37 11.78,7.46l0.13 0 0 -6.39 4.53 0 0 34.02z"/>
  <path class="fil0" d="M1520 1360.66l-0.15 0c-0.57,1.07 -2.59,1.43 -3.8,1.65 -7.68,1.36 -17.23,1.29 -17.23,8.54 0,4.51 4.02,7.32 8.26,7.32 6.89,0 12.99,-4.38 12.92,-11.63l0 -5.88zm-24.11 -5.46c0.43,-8.68 6.53,-12.41 14.99,-12.41 6.53,0 13.63,2.01 13.63,11.91l0 19.66c0,1.72 0.87,2.73 2.67,2.73l1.43 -0.29 0 3.8c-1.01,0.22 -1.73,0.29 -2.95,0.29 -4.58,0 -5.3,-2.58 -5.3,-6.45l-0.15 0c-3.16,4.8 -6.39,7.53 -13.49,7.53 -6.82,0 -12.41,-3.37 -12.41,-10.83 0,-10.41 10.11,-10.77 19.87,-11.92 3.74,-0.43 5.82,-0.93 5.82,-5.02 0,-6.1 -4.38,-7.61 -9.7,-7.61 -5.58,0 -9.75,2.59 -9.9,8.61l-4.51 0z"/>
  <path class="fil0" d="M1562.75 1340.06c0,3.59 3.52,7.61 5.74,10.34 3.59,-2.23 7.89,-5.39 7.89,-10.34 0,-4.23 -3.08,-6.6 -6.81,-6.6 -3.74,0 -6.82,2.37 -6.82,6.6zm4.23 15.29c-4.88,2.65 -10.47,6.53 -10.47,12.7 0,6.03 5.31,10.12 11.12,10.12 5.1,0 9.25,-3.23 12.13,-7.32l-12.78 -15.5zm15.57 18.87c-3.72,4.66 -9.03,7.75 -15.06,7.75 -8.83,0 -15.5,-5.1 -15.5,-14.35 0,-7.32 6.81,-12.13 12.56,-15.22 -2.8,-3.66 -6.33,-7.39 -6.33,-12.34 0,-6.24 5.1,-10.4 11.35,-10.4 6.25,0 11.33,4.16 11.33,10.4 0,6.39 -4.95,10.05 -10.03,13.28l11.18 13.48c1.21,-2.5 1.51,-4.73 1.51,-8.6l4.52 0c0,2.87 -0.65,7.89 -3.02,12.27l8.62 10.4 -5.67 0 -5.46 -6.67z"/>
  <polygon class="fil0" points="1618.14,1329.66 1650.64,1329.66 1650.64,1333.82 1623.01,1333.82 1623.01,1352.34 1647.55,1352.34 1647.55,1356.49 1623.01,1356.49 1623.01,1380.89 1618.14,1380.89 "/>
  <path class="fil0" d="M1655.86 1343.86l4.52 0 0 37.03 -4.52 0 0 -37.03zm0 -14.2l4.52 0 0 7.25 -4.52 0 0 -7.25z"/>
  <path class="fil0" d="M1676.24 1343.86l7.53 0 0 3.81 -7.53 0 0 24.97c0,2.94 0.43,4.66 3.66,4.88 1.29,0 2.58,-0.08 3.87,-0.22l0 3.88c-1.37,0 -2.65,0.14 -4.01,0.14 -6.04,0 -8.12,-2.01 -8.04,-8.32l0 -25.33 -6.46 0 0 -3.81 6.46 0 0 -11.12 4.52 0 0 11.12z"/>
  <path class="fil0" d="M1690.22 1343.86l4.53 0 0 6.39 0.13 0c1.66,-4.45 6.62,-7.46 11.85,-7.46 10.41,0 13.56,5.45 13.56,14.28l0 23.82 -4.51 0 0 -23.1c0,-6.39 -2.09,-11.2 -9.4,-11.2 -7.18,0 -11.5,5.45 -11.63,12.7l0 21.6 -4.53 0 0 -37.03z"/>
  <path class="fil0" d="M1755.45 1359.79c-0.22,-6.81 -4.45,-13.2 -11.78,-13.2 -7.38,0 -11.48,6.46 -12.2,13.2l23.98 0zm-23.98 3.81c0.09,6.6 3.52,14.57 12.2,14.57 6.61,0 10.19,-3.88 11.63,-9.48l4.52 0c-1.94,8.4 -6.82,13.28 -16.15,13.28 -11.76,0 -16.71,-9.04 -16.71,-19.59 0,-9.76 4.95,-19.59 16.71,-19.59 11.91,0 16.64,10.4 16.29,20.81l-28.49 0z"/>
  <path class="fil0" d="M1788.23 1354.7c-0.22,-5.6 -4.52,-8.11 -9.69,-8.11 -4.01,0 -8.76,1.58 -8.76,6.39 0,4.02 4.6,5.45 7.68,6.24l6.03 1.37c5.16,0.78 10.55,3.8 10.55,10.26 0,8.03 -7.96,11.12 -14.86,11.12 -8.6,0 -14.48,-4.02 -15.2,-13.06l4.52 0c0.35,6.1 4.88,9.26 10.91,9.26 4.23,0 10.11,-1.87 10.11,-7.03 0,-4.32 -4.02,-5.75 -8.11,-6.75l-5.81 -1.3c-5.89,-1.57 -10.34,-3.58 -10.34,-9.9 0,-7.53 7.4,-10.4 13.92,-10.4 7.39,0 13.28,3.87 13.56,11.91l-4.51 0z"/>
  <path class="fil0" d="M1822.73 1354.7c-0.22,-5.6 -4.52,-8.11 -9.68,-8.11 -4.02,0 -8.76,1.58 -8.76,6.39 0,4.02 4.59,5.45 7.68,6.24l6.03 1.37c5.16,0.78 10.54,3.8 10.54,10.26 0,8.03 -7.96,11.12 -14.86,11.12 -8.59,0 -14.48,-4.02 -15.19,-13.06l4.51 0c0.35,6.1 4.88,9.26 10.91,9.26 4.24,0 10.12,-1.87 10.12,-7.03 0,-4.32 -4.02,-5.75 -8.12,-6.75l-5.81 -1.3c-5.88,-1.57 -10.33,-3.58 -10.33,-9.9 0,-7.53 7.4,-10.4 13.91,-10.4 7.4,0 13.28,3.87 13.57,11.91l-4.52 0z"/>
  <path class="fil0" d="M1858.17 1364.03c-0.22,10.55 7.38,13.77 16.71,13.77 5.38,0 13.56,-2.93 13.56,-10.39 0,-5.82 -5.81,-8.12 -10.54,-9.26l-11.41 -2.8c-6.02,-1.51 -11.55,-4.38 -11.55,-12.34 0,-5.03 3.23,-14.43 17.64,-14.43 10.13,0 19.03,5.45 18.95,15.93l-4.88 0c-0.29,-7.82 -6.74,-11.77 -13.98,-11.77 -6.68,0 -12.85,2.59 -12.85,10.19 0,4.81 3.58,6.82 7.75,7.83l12.48 3.08c7.25,1.94 13.28,5.09 13.28,13.49 0,3.52 -1.44,14.64 -19.6,14.64 -12.11,0 -21.02,-5.46 -20.44,-17.94l4.88 0z"/>
  <path class="fil0" d="M1907.39 1343.86l7.53 0 0 3.81 -7.53 0 0 24.97c0,2.94 0.42,4.66 3.65,4.88 1.3,0 2.58,-0.08 3.88,-0.22l0 3.88c-1.36,0 -2.66,0.14 -4.02,0.14 -6.02,0 -8.11,-2.01 -8.04,-8.32l0 -25.33 -6.45 0 0 -3.81 6.45 0 0 -11.12 4.53 0 0 11.12z"/>
  <path class="fil0" d="M1951.44 1380.89l-4.16 0 0 -6.67 -0.15 0c-2.37,4.95 -7.25,7.75 -12.76,7.75 -9.33,0 -13,-5.46 -13,-14.06l0 -24.05 4.52 0 0 24.12c0.21,6.67 2.73,10.19 9.91,10.19 7.75,0 11.11,-7.32 11.11,-14.86l0 -19.45 4.53 0 0 37.03z"/>
  <path class="fil0" d="M1975.04 1378.17c9.61,0 12.98,-8.11 12.98,-15.79 0,-7.68 -3.37,-15.79 -12.98,-15.79 -8.62,0 -12.13,8.11 -12.13,15.79 0,7.68 3.51,15.79 12.13,15.79zm17.51 2.72l-4.17 0 0 -7.03 -0.15 0c-1.93,4.81 -7.81,8.11 -13.19,8.11 -11.28,0 -16.65,-9.11 -16.65,-19.59 0,-10.48 5.37,-19.59 16.65,-19.59 5.52,0 10.91,2.8 12.84,8.11l0.14 0 0 -21.24 4.53 0 0 51.23z"/>
  <path class="fil0" d="M2001.21 1343.86l4.52 0 0 37.03 -4.52 0 0 -37.03zm0 -14.2l4.52 0 0 7.25 -4.52 0 0 -7.25z"/>
  <path class="fil0" d="M2017.06 1362.38c0,7.89 4.32,15.79 13,15.79 8.68,0 12.99,-7.9 12.99,-15.79 0,-7.89 -4.31,-15.79 -12.99,-15.79 -8.68,0 -13,7.9 -13,15.79zm30.51 0c0,10.62 -6.17,19.59 -17.51,19.59 -11.33,0 -17.52,-8.97 -17.52,-19.59 0,-10.62 6.19,-19.59 17.52,-19.59 11.34,0 17.51,8.97 17.51,19.59z"/>
  <g style="clip-path:url(#id0)">
   <image x="962.18" y="539.62" width="405.92" height="416.73" xlink:href="bodymechanix logo_Images\bodymechanix logo_ImgID1.jpg"/>
  </g>
  <g style="clip-path:url(#id1)">
   <image x="962.18" y="954.74" width="405.92" height="416.73" xlink:href="bodymechanix logo_Images\bodymechanix logo_ImgID2.jpg"/>
  </g>
  <polygon class="fil1" points="106.4,1094.12 192.39,1094.12 220.42,1209.51 220.97,1209.51 248.99,1094.12 334.99,1094.12 334.99,1290.29 277.84,1290.29 277.84,1164.46 277.29,1164.46 243.22,1290.29 198.16,1290.29 164.09,1164.46 163.54,1164.46 163.54,1290.29 106.4,1290.29 "/>
  <polygon class="fil1" points="366.03,1094.12 528.4,1094.12 528.4,1144.41 426.48,1144.41 426.48,1168.86 519.06,1168.86 519.06,1215.56 426.48,1215.56 426.48,1240.01 531.42,1240.01 531.42,1290.29 366.03,1290.29 "/>
  <path class="fil1" d="M683.08 1167.21c-1.1,-7.14 -6.59,-28.85 -31.59,-28.85 -28.3,0 -37.37,27.48 -37.37,53.85 0,26.37 9.07,53.84 37.37,53.84 20.33,0 28.3,-14.28 31.87,-32.68l59.34 0c0,39.56 -32.14,81.59 -89.56,81.59 -63.47,0 -99.46,-44.78 -99.46,-102.75 0,-61.82 39.02,-102.76 99.46,-102.76 53.85,0.28 83.52,28.58 88.74,77.76l-58.8 0z"/>
  <polygon class="fil1" points="767.98,1094.12 828.42,1094.12 828.42,1162.26 885.02,1162.26 885.02,1094.12 945.46,1094.12 945.46,1290.29 885.02,1290.29 885.02,1212.53 828.42,1212.53 828.42,1290.29 767.98,1290.29 "/>
  <polygon class="fil1" points="1380.66,1094.12 1442.48,1094.12 1499.62,1199.08 1500.17,1199.08 1500.17,1094.12 1557.32,1094.12 1557.32,1290.29 1498.53,1290.29 1438.36,1183.14 1437.81,1183.14 1437.81,1290.29 1380.66,1290.29 "/>
  <polygon class="fil1" points="1588.92,1094.12 1649.36,1094.12 1649.36,1290.29 1588.92,1290.29 1588.92,1180.4 "/>
  <path class="fil1" d="M1937.01 1224.35c0,4.95 0.83,9.35 2.2,12.91 4.39,11.82 17.59,14.29 28.85,14.29 9.89,0 25,-3.29 25,-17.85 0,-10.17 -8.52,-12.92 -42.31,-22.53 -31.04,-8.8 -66.48,-17.32 -66.48,-56.88 0,-45.33 38.72,-64.84 79.11,-64.84 42.6,0 80.23,16.21 81.87,64.02l-57.14 0c1.1,-7.42 -2.19,-12.36 -7.14,-15.66 -4.94,-3.57 -11.81,-4.95 -17.86,-4.95 -8.25,0 -21.7,2.2 -21.7,13.19 1.09,14.02 29.13,17.04 56.87,24.73 27.75,7.69 55.22,20.6 55.22,56.6 0,51.1 -46.98,67.58 -90.66,67.58 -22.25,0 -85.73,-7.97 -86.27,-70.61l60.44 0z"/>
  <path class="fil0" d="M135.53 989.07l73.94 0c31.91,0.31 59.4,-10.43 59.4,-46.45 0,-28.75 -21.8,-43.6 -59.4,-43.6l-73.94 0 0 90.05zm0 -108.38l73.94 0c34.44,0 50.87,-17.06 50.87,-38.23 0,-28.12 -17.38,-42.34 -50.87,-42.34l-73.94 0 0 80.57zm-21.49 -98.89l95.43 0c37.91,0 72.35,13.27 72.35,55.29 0,23.69 -15.8,45.5 -39.18,50.55l0 0.63c29.07,3.8 47.72,25.6 47.72,54.98 0,21.49 -7.59,64.15 -80.89,64.15l-95.43 0 0 -225.6z"/>
  <path class="fil0" d="M419.26 993.81c59.4,0 84.68,-49.93 84.68,-99.22 0,-49.28 -25.28,-99.21 -84.68,-99.21 -59.72,0 -85,49.93 -85,99.21 0,49.29 25.28,99.22 85,99.22zm0 -216.75c70.78,0 106.17,55.92 106.17,117.53 0,61.62 -35.39,117.55 -106.17,117.55 -71.09,0 -106.48,-55.93 -106.48,-117.55 0,-61.61 35.39,-117.53 106.48,-117.53z"/>
  <path class="fil0" d="M580.4 989.07l45.81 0c64.78,0.31 92.9,-27.17 92.9,-94.48 0,-67.3 -28.12,-94.78 -92.9,-94.47l-45.81 0 0 188.95zm-21.49 -207.27l78.05 0c67.93,1.58 103.63,38.86 103.63,112.79 0,73.94 -35.7,111.23 -103.63,112.81l-78.05 0 0 -225.6z"/>
  <polygon class="fil0" points="838.22,914.5 749.43,781.8 775.02,781.8 849.28,896.17 923.21,781.8 948.81,781.8 859.7,914.5 859.7,1007.4 838.22,1007.4 "/>
  <text x="1675.68" y="1292.69"  class="fil2 fnt0">X</text>
 </g>
</svg>
